292
526
7667
7828
2775
6
36
1296
796
3361
2963
793
2884
174
27
729
3144
847
1740
276
617
8068
926
5747
280
840
560
1360
496
4601
1692
628
9438
758
7456
5919
345
1902
176
97
9409
5292
52
2704
116
345
1902
176
97
9409
5292
52
2704
116
345
1902
176
97
9409
5292
52
2704
116
345
1902
176
97
9409
5292
52
2704
116
345
1902
176
97
9409
5292
52
2704
116
345
1902
176
97
9409
5292
52
2704
116
345
1902
176
97
9409
5292
52
2704
116
345
1902
176
97
9409
5292
52
2704
116
345
1902
176
97
9409
5292
52
2704
116
345
1902
176
97
9409
5292
52
2704
116
345
1902
176
97
9409
5292
52
2704
116
345
1902
176
97
9409
5292
52
2704
116
345
1902
176
97
9409
5292
52
2704
116
345
1902
176
97
9409
5292
52
2704
116
345
1902
176
97
9409
5292
52
2704
116
345
1902
176
97
9409
5292
52
2704
116
345
1902
176
97
9409
5292
52
2704
116
345
1902
176
97
9409
5292
52
2704
116
345
1902
176
97
9409
5292
52
2704
116
345
1902
176
97
9409
5292
52
2704
116
345
1902
176
97
9409
5292
52
2704
116
345
1902
176
97
9409
5292
52
2704
116
345
1902
176
97
9409
5292
52
2704
116
345
1902
176
97
9409
5292
52
2704
116
345
1902
176
97
9409
5292
52
2704
116
345
1902
176
97
9409
5292
52
2704
116
345
1902
176
97
9409
5292
52
2704
116
345
1902
176
97
9409
5292
52
2704
116
345
1902
176
97
9409
5292
52
2704
116
345
1902
176
97
9409
5292
52
2704
116
345
1902
176
97
9409
5292
52
2704
116
345
1902
176
97
9409
5292
52
2704
116
345
1902
176
97
9409
5292
52
2704
116
345
1902
176
97
9409
5292
52
2704
116
345
1902
176
97
9409
5292
52
2704
116
345
1902
176
97
9409
5292
52
2704
116
345
1902
176
97
9409
5292
52
2704
116
345
1902
176
97
9409
5292
52
2704
116
345
1902
176
97
9409
5292
52
2704
116
345
1902
176
97
9409
5292
52
2704
116
345
1902
176
97
9409
5292
52
2704
116
345
1902
176
97
9409
5292
52
2704
116
345
1902
176
97
9409
5292
52
2704
116
345
1902
176
97
9409
5292
52
2704
116
345
1902
176
97
9409
5292
52
2704
116
345
1902
176
97
9409
5292
52
2704
116
345
1902
176
97
9409
5292
52
2704
116
345
1902
176
97
9409
5292
52
2704
116
345
1902
176
97
9409
5292
52
2704
116
345
1902
176
97
9409
5292
52
2704
116
345
1902
176
97
9409
5292
52
2704
116
345
1902
176
97
9409
5292
52
2704
116
345
1902
176
97
9409
5292
52
2704
116
345
1902
176
97
9409
5292
52
2704
116
345
1902
176
97
9409
5292
52
2704
116
345
1902
176
97
9409
5292
52
2704
116
345
1902
176
97
9409
5292
52
2704
116
345
1902
176
97
9409
5292
52
2704
116
345
1902
176
97
9409
5292
52
2704
116
345
1902
176
97
9409
5292
52
2704
116
345
1902
176
97
9409
5292
52
2704
116
345
1902
176
97
9409
5292
52
2704
116
345
1902
176
97
9409
5292
52
2704
116
345
1902
176
97
9409
5292
52
2704
116
345
1902
176
97
9409
5292
52
2704
116
345
1902
176
97
9409
5292
52
2704
116
345
1902
176
97
9409
5292
52
2704
116
345
1902
176
97
9409
5292
52
2704
116
345
1902
176
97
9409
5292
52
2704
116
345
1902
176
97
9409
5292
52
2704
116
345
1902
176
97
9409
5292
52
2704
116
345
1902
176
97
9409
5292
52
2704
116
345
1902
176
97
9409
5292
52
2704
116
345
1902
176
97
9409
5292
52
2704
116
345
1902
176
97
9409
5292
52
2704
116
345
1902
176
97
9409
5292
52
2704
116
345
1902
176
97
9409
5292
52
2704
116
345
1902
176
97
9409
5292
52
2704
116
345
1902
176
97
9409
5292
52
2704
116
345
1902
176
97
9409
5292
52
2704
116
345
1902
176
97
9409
5292
52
2704
116
345
1902
176
97
9409
5292
52
2704
116
345
1902
176
97
9409
5292
52
2704
116
345
1902
176
97
9409
5292
52
2704
116
345
1902
176
97
9409
5292
52
2704
116
345
1902
176
97
9409
5292
52
2704
116
345
1902
176
97
9409
5292
52
2704
116
345
1902
176
97
9409
5292
52
2704
116
345
1902
176
97
9409
5292
52
2704
116
345
1902
176
97
9409
5292
52
2704
116
345
1902
176
97
9409
5292
52
2704
116
345
1902
176
97
9409
5292
52
2704
116
345
1902
176
97
9409
5292
52
2704
116
345
1902
176
97
9409
5292
52
2704
116
345
1902
176
97
9409
5292
52
2704
116
345
1902
176
97
9409
5292
52
2704
116
345
1902
176
97
9409
5292
52
2704
116
345
1902
176
97
9409
5292
52
2704
116
345
1902
176
97
9409
5292
52
2704
116
345
1902
176
97
9409
5292
52
2704
116
345
1902
176
97
9409
5292
52
2704
116
345
1902
176
97
9409
5292
52
2704
116
345
1902
176
97
9409
5292
52
2704
116
345
1902
176
97
9409
5292
52
2704
116
345
1902
176
97
9409
5292
52
2704
116
345
1902
176
97
9409
5292
52
2704
116
345
1902
176
97
9409
5292
52
2704
116
345
